Linux 5.15.0-91-generic (web-server)   01/15/2025  _x86_64_    (8 CPU)

avg-cpu:  %user   %nice %system %iowait  %steal   %idle
          45.23    0.00   12.34    2.15    0.00   40.28

Device            r/s     w/s     rkB/s    wkB/s  rrqm/s  wrqm/s  %rrqm  %wrqm r_await w_await aqu-sz rareq-sz wareq-sz  svctm  %util
sda             52.34   86.12   25934.5  43125.3    2.34    5.67   4.28  6.18    5.23   12.45   0.85   495.45   500.87   4.23  35.67
sdb            264.56  175.32  131456.2  87234.6   12.45   23.56  4.50  11.85   15.67   28.34   2.45   496.87   497.56   8.45  78.92
sdc             25.67   17.12   12789.4   8512.3    1.23    2.34   4.57   12.03   8.23   10.45   0.35   498.34   497.12   3.45  15.23
sdd             15.23   10.45    7812.5   5234.2    0.56    1.23   3.54    10.53   6.78    8.34   0.25   512.89   500.98   2.87   8.45
sde            125.34   85.67   64234.5  43925.4    5.67   12.34   4.33    12.59  12.45   18.67   1.45   512.45   512.67   5.67  45.23
